¬ариант 1. Ђ“о или тої
1. 45
2. zyxw
3. 234900
4. 12
5. 303
6. 253
7. 16
8. 3888
9. 66
10. 166
11. 8
12. 507
13. 762
14. 3014
15. 50
16. 4377618
17. 760, 142711
18. 2645, 805
19. 51
20. 17, 45
21. 44
22. 39
23. 88
24. 202
25. 2752043 Ц 230, 2752046 Ц 125095, 2752053 Ц 5846, 2752056 Ц 139, 2752064 Ц 6145, 2752086 Ц 10669, 2752088 Ц 14959
26. 466, 2778444
27. 292, 3676118, 200, 27400

¬ариант 2. ЂЌа или наї
1. 32
2. xwyz
3. 57900
4. 13
5. 198
6. 42
7. 64
8. 26001
9. 18
10. 123
11. 356
12. 1015
13. 826
14. 2003080830
15. 10
16. 23222523
17. 1303, 46610
18. 2671, 744
19. 36
20. 37, 41
21. 38
22. 36
23. 894
24. 126
25. 4620051 Ц 1252, 4620094 Ц 2085, 4620118 Ц 20445, 4620175 Ц 1558, 4620190 Ц 12489, 4620193 Ц 538, 4620200 Ц 1779
26. 390, 525
27. 304, 366121, 9121, 112

¬ариант 3. Ђѕри или приї
1. 40
2. wyzx
3. 49650
4. 16
5. 267
6. 80
7. 128
8. 57088
9. 436
10. 60
11. 129
12. 40
13. 679
14. 49
15. 3
16. 64968516
17. 966, 46586
18. 2536, 804
19. 77
20. 72, 76
21. 71
22. 33
23. 528
24. 228
25. 3980074 Ц 2391, 3980076 Ц 11439, 3980085 Ц 265342, 3980096 Ц 62191, 3980132 Ц 76543, 3980177 Ц 792
26. 757, 1457878
27. 150, 283123, 11263, 322

¬ариант 4. Ђ¬о или вої
1. 60
2. yxzw
3. 20200
4. 13
5. 516
6. 126
7. 512
8. 14592
9. 2007
10. 110
11. 8193
12. 81
13. 508
14. 12614
15. 1114408
16. 341543668
17. 958, 45947
18. 2783, 807
19. 93
20. 94, 98
21. 95
22. 38
23. 636
24. 187
25. 4980085 Ц 90552, 4980086 Ц 4159, 4980137 Ц 9498, 4980156 Ц 415015, 4980158 Ц 2490081, 4980159 Ц 553354
26. 114, 459
27. 301, 651, 8771, 98

¬ариант 5. Ђј или аї
1. 37
2. yxwz
3. 47700
4. 13
5. 273
6. 808
7. 16
8. 30845
9. 1549
10. 24
11. 14
12. 2031
13. 655
14. 5526
15. 140
16. 8304349
17. 241, 18914
18. 2573, 846
19. 49
20. 45, 46
21. 15
22. 50
23. 61
24. 179
25. 5570060 Ц 278505, 5570075 Ц 4552, 5570080 Ц 1125, 5570086 Ц 2785045, 5570093 Ц 780
26. 708, 523
27. 405, 762, 12238, 144

¬ариант 6. Ђƒа или даї
1. 44
2. ywzx
3. 92500
4. 11
5. 296
6. 60
7. 225
8. 15815
9. 1598
10. 59
11. 16384
12. 1012
13. 779
14. 19655
15. 520
16. 826906449
17. 2148, 8645
18. 2613, 759
19. 60
20. 61, 64
21. 62
22. 46
23. 316
24. 85
25. 6570076 Ц 1642521, 6570082 Ц 3285043, 6570091 Ц 4714, 6570146 Ц 4093, 6570186 Ц 505
26. 929, 1906769
27. 161, 129174, 11622, 276

¬ариант 7. ЂЌо или ної
1. 61
2. wzyx
3. 12900
4. 15
5. 435
6. 192
7. 369
8. 15816
9. 744
10. 153
11. 65
12. 723
13. 432
14. 1193
15. 7562
16. 1906387761
17. 1480, 8417
18. 2412, 764
19. 50
20. 44, 49
21. 43
22. 43
23. 103
24. 165
25. 7430083 Ц 391076, 7430116 Ц 2041, 7430130 Ц 9175, 7430148 Ц 649, 7430191 Ц 5840, 7430196 Ц 26923, 7430247 Ц 6826, 7430249 Ц 37914
26. 532, 1731417
27. 331, 238112, 238, 23922

¬ариант 8. Ђƒо или дої
1. 47
2. zywx
3. 42150
4. 13
5. 501
6. 288
7. 539
8. 38361
9. 122
10. 43
11. 4096
12. нет
13. 608
14. 506624006
15. 1542268
16. 1586602998
17. 2125, 8393
18. 2546, 812
19. 22
20. 23, 25
21. 24
22. 55
23. 771
24. 173
25. 8750091 Ц 13444, 8750100 Ц 29169, 8750109 Ц 35144, 8750126 Ц 8119, 8750128 Ц 1569, 8750133 Ц 694, 8750223 Ц 57194, 8750230 Ц 1219
26. 170, 520
27. 238, 23823, 12344, 194
